"0%","10%","50%","90%","100%","uid"
193.709015,195.21452267,199.02391705,212.34264409,212.7498013,"10obs_10sd"
186.3475414,187.27715644,195.99605475,206.74623595,207.9735574,"10obs_10sd"
185.8116035,187.43001851,198.9296595,210.53855871,211.2641523,"10obs_10sd"
193.429918,197.40294541,204.49363705,211.77864852,212.3468088,"10obs_10sd"
187.6592207,192.55446506,198.7700569,208.0273104,219.2386716,"10obs_10sd"
182.2769509,189.67295821,203.0791816,213.95799831,224.7412872,"10obs_10sd"
185.0479134,187.84773015,199.9119803,213.30425733,215.5504434,"10obs_10sd"
179.9976311,186.89153165,206.82616555,213.91851226,219.3589345,"10obs_10sd"
184.5101467,188.99961589,197.9251676,218.25785026,224.0506999,"10obs_10sd"
173.2928252,177.32560226,202.99044215,214.94889991,218.3229505,"10obs_10sd"
188.0679407,190.75627706,199.34731845,210.46576724,214.8573869,"10obs_10sd"
187.0950054,189.57925911,201.1761238,210.58997706,213.3103887,"10obs_10sd"
186.6046471,195.9961174,202.2807028,217.24009171,218.9529313,"10obs_10sd"
189.2160055,193.1380948,204.4039647,219.89367984,234.9866478,"10obs_10sd"
190.1441843,190.20928994,197.48462005,212.16513969,217.4116698,"10obs_10sd"
176.5840176,180.10799046,195.67055185,205.91048133,217.4401638,"10obs_10sd"
181.4825227,182.20996381,194.9005983,206.47896132,214.2883974,"10obs_10sd"
181.7438869,183.31984567,198.96984585,210.75400351,222.2291656,"10obs_10sd"
191.711423,194.18438288,198.6716262,209.7027855,213.812415,"10obs_10sd"
188.9639883,191.44991115,199.29991885,208.37313602,212.8094558,"10obs_10sd"
179.2738448,191.66801984,201.6122181,212.1047717,215.1851513,"10obs_10sd"
183.4478732,186.09428585,203.8082032,206.84769743,212.2998401,"10obs_10sd"
187.6107677,189.11193575,203.0522416,212.09892265,214.7063464,"10obs_10sd"
186.8816655,189.48890925,199.16482035,208.57639968,217.9479573,"10obs_10sd"
181.5983958,191.09973513,198.5856979,207.45670402,218.5433479,"10obs_10sd"
182.1442657,184.21657753,203.0266943,211.77673271,224.2996379,"10obs_10sd"
179.6482724,180.94772705,194.87236595,211.5348147,219.5918991,"10obs_10sd"
189.4243889,190.50462722,199.32135055,207.96154897,213.9752074,"10obs_10sd"
179.1649018,187.58774872,199.58580625,211.60701872,212.4397871,"10obs_10sd"
190.4837569,190.70085346,197.52643615,206.46321209,213.97499,"10obs_10sd"
144.4586353,161.91181024,183.9207823,210.52489892,235.8115727,"10obs_20sd"
158.6550397,179.30353234,194.78768025,215.61408018,220.995522,"10obs_20sd"
172.9797626,177.45802058,196.04840225,204.85253264,208.5037169,"10obs_20sd"
167.597976,168.96695079,193.06277625,218.60183395,237.9715489,"10obs_20sd"
175.1002936,182.39024491,213.46797305,237.57810455,240.8670632,"10obs_20sd"
177.1516319,185.49729707,193.81554055,220.22768256,245.0223294,"10obs_20sd"
165.2705608,172.92652006,217.5226361,227.75145646,248.8980343,"10obs_20sd"
162.1440583,182.3339356,196.6601797,215.26759621,220.3454233,"10obs_20sd"
176.6597558,178.76919434,193.1720697,245.94420631,258.8680165,"10obs_20sd"
183.7638199,183.81773854,199.4351107,219.37016109,245.6548203,"10obs_20sd"
179.2324284,182.64244317,196.3652605,226.06242901,242.1917431,"10obs_20sd"
155.9178009,175.65186222,202.04483265,213.23057564,217.8046685,"10obs_20sd"
180.5426072,184.84486334,203.55775725,217.86164251,236.4231796,"10obs_20sd"
172.3316277,178.12902594,203.18460135,222.2603309,225.9989624,"10obs_20sd"
167.9006672,179.13464729,204.7518597,228.49662161,238.0912094,"10obs_20sd"
162.6698872,164.64111058,187.7966589,207.84901803,210.1696908,"10obs_20sd"
175.4409564,176.72710293,193.84503425,204.08560545,231.6443619,"10obs_20sd"
157.7880606,163.79585364,190.28681945,212.18785871,216.6522071,"10obs_20sd"
179.970637,189.21937315,207.96276285,219.31304157,224.0654274,"10obs_20sd"
175.4470457,185.42475746,209.37529565,231.68561867,235.0508102,"10obs_20sd"
170.8230507,177.0224343,203.1927046,241.16887616,264.3843353,"10obs_20sd"
172.668884,177.79112006,197.9674948,212.53929591,224.511663,"10obs_20sd"
154.8334078,166.69099222,194.2952885,219.70541899,244.7097121,"10obs_20sd"
171.6305351,182.4302345,192.0888978,209.63564359,209.8116979,"10obs_20sd"
178.0202493,179.32004802,202.5945883,211.16930379,241.5115446,"10obs_20sd"
173.5355236,180.96690028,201.84214985,223.87233072,256.2014829,"10obs_20sd"
180.9504753,181.97826999,202.7989075,229.45254914,232.3529426,"10obs_20sd"
189.7489603,192.03864589,201.4378424,222.56524787,226.3331831,"10obs_20sd"
178.6494626,183.67003889,199.4976577,223.81904964,227.4409443,"10obs_20sd"
158.1710672,163.95401333,189.2358671,210.08303839,218.1568843,"10obs_20sd"
150.4367168,168.53695556,188.5496573,239.05959872,280.4467541,"10obs_40sd"
125.5873743,158.17004667,206.2582498,235.65905307,282.7190448,"10obs_40sd"
152.3036702,156.26030834,189.4584007,250.83509825,285.2380091,"10obs_40sd"
158.8208237,164.55323924,201.4688389,256.99432903,329.9314417,"10obs_40sd"
161.8514939,170.45827751,237.7406633,289.34731919,296.9730929,"10obs_40sd"
169.7754898,171.31606219,204.8061393,275.10055951,301.2703195,"10obs_40sd"
104.1069223,159.58625563,210.2169861,248.27250188,255.0874385,"10obs_40sd"
186.7603444,190.14904699,234.69116435,316.53076496,330.371141,"10obs_40sd"
123.0052613,151.24971632,194.53603265,215.06589909,245.7466704,"10obs_40sd"
123.8955993,160.17651513,189.57176295,259.66048987,273.252448,"10obs_40sd"
151.8522295,167.99348101,215.80665115,281.19274049,304.7023307,"10obs_40sd"
112.297703,146.65607564,192.6309428,217.93878409,233.3895448,"10obs_40sd"
111.2351161,146.23122667,190.9857034,217.9873934,244.1186756,"10obs_40sd"
125.137091,165.438641,185.2624235,236.09138433,261.5981829,"10obs_40sd"
167.1514043,169.21857326,202.0323581,228.24753848,236.1406355,"10obs_40sd"
165.9078476,173.81653325,210.56089145,240.9431574,242.924862,"10obs_40sd"
137.8584535,166.33882066,235.71239085,250.05174922,279.1958104,"10obs_40sd"
121.6016808,130.35099831,196.83687765,228.73284223,290.7990088,"10obs_40sd"
98.73519216,124.956609216,198.48010065,222.71310546,255.406578,"10obs_40sd"
120.1556565,137.40034419,184.09638065,208.60161766,243.9927466,"10obs_40sd"
157.2787771,160.61601418,205.9716567,227.8131291,255.3783462,"10obs_40sd"
124.9597558,143.77054483,185.6824871,207.39634233,224.522808,"10obs_40sd"
160.9861381,162.53630548,202.60952395,218.90024296,238.8659713,"10obs_40sd"
166.5367885,174.54227707,205.83771195,227.00185217,257.6207159,"10obs_40sd"
150.1889096,161.84483075,188.4685203,250.67505422,320.967506,"10obs_40sd"
96.0447441,162.58810971,193.1737641,239.23756788,262.043061,"10obs_40sd"
151.0786846,155.54318689,163.2362126,244.9289364,251.7358002,"10obs_40sd"
111.085673,177.81938654,204.1663459,246.25864104,278.2152294,"10obs_40sd"
171.0840567,183.31008114,190.03733065,220.45588787,243.7322357,"10obs_40sd"
122.7016749,141.57069231,165.8584389,223.01197748,223.3463876,"10obs_40sd"
178.118624,185.61956177,202.92907795,210.73516284,223.9008279,"20obs_10sd"
185.5223388,189.61089524,196.7705507,210.4157814,215.499258,"20obs_10sd"
184.2888458,186.03743148,197.12446085,212.39281681,216.572145,"20obs_10sd"
178.0713422,180.14632086,200.31454015,210.89565358,213.250917,"20obs_10sd"
185.1992037,186.29202593,198.6077042,204.61359604,213.277622,"20obs_10sd"
179.5799809,192.80313819,202.4609917,217.43964562,220.0860019,"20obs_10sd"
179.0744802,188.59615665,202.24213825,209.12506238,211.2067516,"20obs_10sd"
185.4465374,189.35358045,205.2409562,212.16030928,216.4145852,"20obs_10sd"
179.5693193,193.30722271,200.7938316,213.62658765,222.3989185,"20obs_10sd"
185.9120096,197.06743396,205.9915395,214.55127497,215.9459263,"20obs_10sd"
169.8636152,188.33987303,199.77241805,209.32493001,213.62532,"20obs_10sd"
176.346007,189.60996493,202.0697804,210.9540566,212.0297395,"20obs_10sd"
175.2033061,195.5592205,200.4010163,209.18217423,221.4148751,"20obs_10sd"
177.3696423,185.57416326,198.49160285,205.84464577,213.2356115,"20obs_10sd"
171.139519,188.09891008,196.2643975,201.86746324,213.2171557,"20obs_10sd"
188.8581383,191.29645568,204.87965855,217.80539886,220.1441913,"20obs_10sd"
180.3324097,185.93200908,199.05866765,207.58245497,210.8978907,"20obs_10sd"
189.2049355,195.09351151,203.3277199,213.05225905,218.6141627,"20obs_10sd"
187.4216151,193.10698626,201.50432785,212.17619862,216.35441,"20obs_10sd"
178.6587999,186.56545514,198.2935192,202.19260228,220.5705582,"20obs_10sd"
191.1296846,192.58738395,207.7863501,214.3122101,222.5652897,"20obs_10sd"
179.4954701,185.25947356,195.4385054,201.27028557,207.3082309,"20obs_10sd"
184.110633,187.38582636,202.0756366,214.33188604,219.7544745,"20obs_10sd"
189.3799831,191.31504426,198.52352415,210.02412327,218.3416667,"20obs_10sd"
183.9486393,189.37329954,199.72633735,208.90904367,214.9188908,"20obs_10sd"
183.5582017,186.64960714,199.0246658,217.06292297,218.4670045,"20obs_10sd"
172.3745953,184.28164795,193.16612175,212.18443257,221.2648273,"20obs_10sd"
186.3180807,190.7443086,203.10422935,217.97383623,234.0505325,"20obs_10sd"
180.5304737,186.18211885,199.19167545,207.00825631,211.3177423,"20obs_10sd"
186.0043253,191.04929661,199.90896185,214.23265663,220.6568424,"20obs_10sd"
163.380892,182.60615124,196.9922337,220.98114919,230.2470586,"20obs_20sd"
136.3250439,155.39705796,190.30278405,219.57170108,229.6952357,"20obs_20sd"
157.7051302,169.39933277,199.7713435,227.16457686,238.0783131,"20obs_20sd"
172.4395361,181.50256808,198.42587435,212.93746233,216.3923549,"20obs_20sd"
169.503321,173.02227148,211.85345095,233.43696364,258.940506,"20obs_20sd"
157.1887837,174.81675896,196.7553449,217.48047941,238.4578787,"20obs_20sd"
168.3103004,171.67257226,193.4316014,215.76087321,227.879976,"20obs_20sd"
156.4009488,167.79456089,193.6033859,219.38735874,227.064153,"20obs_20sd"
167.5955927,182.56994536,205.5365953,219.97571785,224.14174,"20obs_20sd"
162.4218448,168.18734176,194.2413096,228.19730792,236.1092885,"20obs_20sd"
174.0122999,185.11196612,203.65849245,229.26776214,250.874134,"20obs_20sd"
154.3594667,164.77791443,191.3255191,213.92937552,244.2889979,"20obs_20sd"
173.2907468,180.53402101,204.0894633,229.11889188,241.4883497,"20obs_20sd"
178.5447535,183.78862816,202.0510366,232.20376693,238.6585019,"20obs_20sd"
160.1321433,169.3109176,201.13789295,213.18783173,229.8778478,"20obs_20sd"
166.3863077,176.97610768,192.56513455,233.8110942,235.6341934,"20obs_20sd"
163.3461979,185.64240084,198.41265905,225.54294153,236.3987717,"20obs_20sd"
162.1880632,182.94047117,200.61593365,226.58127311,242.1917431,"20obs_20sd"
164.8015996,175.56614413,205.0938561,224.96266158,247.2719712,"20obs_20sd"
169.2516384,176.88325489,199.9254359,227.98443551,244.2889979,"20obs_20sd"
158.2429199,180.18181433,204.3505023,223.79968396,248.0285392,"20obs_20sd"
168.2957775,189.99354747,203.0388226,225.74824624,268.7753746,"20obs_20sd"
167.0210718,178.4154729,208.09445565,230.68986668,241.8059534,"20obs_20sd"
162.2457505,182.92463193,200.69474985,221.84150908,242.7982791,"20obs_20sd"
175.4670053,184.26113356,205.04767925,221.67404067,241.7741597,"20obs_20sd"
174.9349047,185.16365645,206.50721475,230.95826635,238.6927795,"20obs_20sd"
176.8373827,183.95613663,199.1356905,221.07418535,236.3987717,"20obs_20sd"
167.2004342,173.42626595,193.0845921,218.62800468,223.3762131,"20obs_20sd"
154.3343999,180.15355609,209.00474465,225.07866955,233.5730179,"20obs_20sd"
144.7003826,180.13479158,201.5258258,214.56816231,222.7127048,"20obs_20sd"
136.7393826,172.00467828,204.13290595,242.31587084,269.9639338,"20obs_40sd"
139.1902469,145.96140284,199.114956,278.57180103,330.371141,"20obs_40sd"
148.4273976,158.04639197,199.53889665,247.78440697,255.0763333,"20obs_40sd"
56.70202187,181.98579883,211.2338236,239.64941346,300.0857887,"20obs_40sd"
136.8183745,158.23823385,198.54894235,259.08202026,278.4003314,"20obs_40sd"
159.4394281,179.63752958,217.4941336,257.01208209,308.9965187,"20obs_40sd"
159.0856596,179.39326855,206.35472785,261.29100339,285.1835468,"20obs_40sd"
132.8385642,166.75120843,216.39506215,260.0681526,269.0289502,"20obs_40sd"
114.0684511,168.90841585,213.9578839,250.66512319,284.2624289,"20obs_40sd"
85.02186384,163.45604946,201.1218577,242.40826774,254.0742469,"20obs_40sd"
141.6468422,180.53796093,203.9476893,248.34743396,296.9730929,"20obs_40sd"
154.9432877,180.24499201,209.60357745,246.87758418,285.1138087,"20obs_40sd"
125.3464403,163.31476194,197.30389795,244.44990601,326.5525835,"20obs_40sd"
122.0229229,143.33990938,210.5035085,248.35389256,275.9775085,"20obs_40sd"
122.3206273,156.67754043,196.93049615,272.99678722,283.9467894,"20obs_40sd"
92.36503091,140.94627313,187.26030695,228.69899384,251.5644577,"20obs_40sd"
143.6943916,156.00748741,199.38859145,228.58382692,277.8120831,"20obs_40sd"
98.19974241,133.31470856,186.74393745,231.47106059,287.0398994,"20obs_40sd"
140.1684253,168.49797538,199.7482928,259.88270586,282.6360744,"20obs_40sd"
123.0052613,149.81003713,196.51374395,244.92373972,257.1668123,"20obs_40sd"
157.0987,165.71578076,195.263439,243.78019681,269.7965978,"20obs_40sd"
113.0101541,153.00383898,195.9523644,247.87316327,280.6865682,"20obs_40sd"
149.2877954,154.80974376,196.4164838,232.0040738,249.4869378,"20obs_40sd"
132.5121204,160.42899567,195.39966565,250.32893769,274.6880453,"20obs_40sd"
88.11970728,145.89896335,189.6115152,226.73616428,241.1712861,"20obs_40sd"
164.8320925,174.79367683,231.37078845,280.91658153,316.9853153,"20obs_40sd"
91.81620212,134.52537978,215.4557096,251.02053952,271.1193928,"20obs_40sd"
157.3301075,172.11058923,203.30087075,246.72954199,324.964129,"20obs_40sd"
164.6555209,167.98808985,203.0389919,265.59132135,289.2300163,"20obs_40sd"
112.0700556,136.44959256,179.92027585,219.67741393,236.3825068,"20obs_40sd"
176.3216956,187.2075252,198.1370127,207.92624947,210.4345971,"50obs_10sd"
177.6404304,190.8180926,202.28843035,214.80847901,223.0089112,"50obs_10sd"
182.2117351,188.54749792,199.53524075,209.87480752,222.6858376,"50obs_10sd"
181.8193824,188.93394395,200.835918,210.54554932,217.8500351,"50obs_10sd"
177.2790349,189.69478734,197.8551189,209.0000493,227.9822196,"50obs_10sd"
180.0956183,188.42194463,200.2894886,211.0207948,220.6435185,"50obs_10sd"
181.9529878,190.51071956,200.43511745,214.84021605,227.767572,"50obs_10sd"
175.8939259,187.35392724,198.92840655,210.25386544,224.2256238,"50obs_10sd"
182.7533356,184.54473486,198.15434845,212.26074925,220.4556941,"50obs_10sd"
175.208783,186.51171868,197.98916935,213.65138178,225.2208174,"50obs_10sd"
172.1182085,185.84650261,199.3909893,210.7551681,224.6180916,"50obs_10sd"
179.6004386,189.90442398,201.7167778,211.28546385,220.8522019,"50obs_10sd"
179.9421715,187.5823282,199.82969885,210.49156396,224.7412872,"50obs_10sd"
179.7863296,190.53754472,201.31552045,209.37399403,226.8813628,"50obs_10sd"
168.3772691,183.91792475,198.89738405,210.62230767,225.3994248,"50obs_10sd"
172.2265103,189.08169862,200.099341,212.05749944,218.4881803,"50obs_10sd"
181.2912315,190.2492305,204.0482001,211.86984104,220.3170349,"50obs_10sd"
175.7736428,188.05401198,198.06958585,209.56139989,212.5467348,"50obs_10sd"
170.6356732,188.8292178,203.1223002,216.6052856,221.1147727,"50obs_10sd"
184.6606217,191.04558831,199.91690435,213.51552413,225.0565528,"50obs_10sd"
174.1282503,183.31993741,198.3533647,211.77047794,218.6434159,"50obs_10sd"
169.5405983,189.04157244,200.8406166,212.87919192,229.8347206,"50obs_10sd"
176.6671255,187.36325506,200.96094235,209.93993303,217.4775562,"50obs_10sd"
173.5615023,185.8678675,197.7130271,206.96402367,216.4733247,"50obs_10sd"
175.8227652,192.0507023,201.62134225,210.77889231,220.6066668,"50obs_10sd"
180.1057929,188.67103073,198.31774415,212.12904906,219.0702494,"50obs_10sd"
182.0249712,190.89160962,202.29592585,212.52759129,218.8189886,"50obs_10sd"
180.8676936,188.43974,202.72296155,212.87704992,223.5602568,"50obs_10sd"
178.5319534,188.39937677,201.7929548,215.11905475,228.9787846,"50obs_10sd"
173.6323447,183.59093347,197.8883064,207.04789852,215.9459263,"50obs_10sd"
150.7711392,170.81248684,193.83278475,225.72569819,249.320534,"50obs_20sd"
145.7245274,173.85057781,192.2974556,215.0545458,230.7058582,"50obs_20sd"
155.0321917,169.87584659,200.04953205,227.11681082,240.5095045,"50obs_20sd"
146.7659855,178.73478391,201.65592685,220.50350371,236.6766883,"50obs_20sd"
163.7785817,179.3443546,203.5170543,224.76687252,244.7104005,"50obs_20sd"
171.7192253,181.77825242,201.09820485,222.84732004,234.1464469,"50obs_20sd"
155.2217732,172.86326516,193.28707375,219.65612257,230.6609923,"50obs_20sd"
128.2957428,174.04139687,201.98068855,225.81208944,243.3405073,"50obs_20sd"
139.2957014,176.3459498,200.23596385,229.30601768,240.2449346,"50obs_20sd"
160.4475092,173.4183459,201.1145513,233.93873458,263.2101508,"50obs_20sd"
156.0696616,169.54015019,203.23102505,229.6712122,246.7717614,"50obs_20sd"
154.7859085,184.27004667,200.9230352,222.95379728,250.8781266,"50obs_20sd"
149.1829492,172.6941563,193.51067235,228.59933771,275.1612118,"50obs_20sd"
173.7511894,178.60420983,196.64619765,219.61479804,233.7457428,"50obs_20sd"
142.9709212,179.72151127,200.1246742,220.8987103,234.0405089,"50obs_20sd"
151.5623713,168.54449772,198.9663056,227.74156493,251.2338986,"50obs_20sd"
154.0133184,169.95746941,199.0453023,229.12163591,264.9340984,"50obs_20sd"
156.1597603,176.9210868,198.1929022,227.11241968,244.7983491,"50obs_20sd"
155.6605025,175.85885322,200.39233465,232.5723196,247.2639556,"50obs_20sd"
161.3968901,173.22271194,199.92987355,216.88203107,241.405547,"50obs_20sd"
151.6210785,168.45110917,204.26606415,224.4980602,258.940506,"50obs_20sd"
159.8059419,176.7066987,196.0388471,223.56824483,244.2680723,"50obs_20sd"
159.7173379,177.54690742,201.84659705,228.59965777,242.0805638,"50obs_20sd"
152.2707303,179.09404936,200.2286772,225.85667523,237.1789775,"50obs_20sd"
140.9832528,173.29477409,196.6829224,228.61687777,268.7753746,"50obs_20sd"
149.0392596,172.17899827,199.82577725,228.87287948,249.8984016,"50obs_20sd"
158.4099888,182.86271372,205.162611,223.00639291,246.5966496,"50obs_20sd"
167.3573152,182.69159401,201.4963563,224.11768181,246.5677377,"50obs_20sd"
161.4237032,181.97416128,205.9595014,233.31193259,275.1612118,"50obs_20sd"
132.8208562,177.33479694,201.746971,227.59152992,239.6604277,"50obs_20sd"
133.3255297,165.96781648,207.6347229,250.07740001,277.2441622,"50obs_40sd"
122.2599092,170.4846385,212.7028407,252.39997472,306.19591,"50obs_40sd"
111.6690678,140.74681903,187.75729465,252.79237512,294.2100549,"50obs_40sd"
130.0996114,154.53715099,197.6159799,256.71789908,302.0752688,"50obs_40sd"
141.2907794,168.50110879,209.01783225,249.38499935,293.5064612,"50obs_40sd"
103.503827,163.49276515,198.4656189,249.54495685,277.3343307,"50obs_40sd"
120.4037671,148.14478602,201.526178,248.88709861,278.2152294,"50obs_40sd"
130.9517523,155.54699465,198.0837512,245.78085619,274.6386091,"50obs_40sd"
103.9627473,154.81547752,187.84241975,229.54885615,285.3367241,"50obs_40sd"
135.5864227,166.52217402,211.72640685,258.27422921,287.8826644,"50obs_40sd"
122.0229229,162.30768941,207.62342,250.20275837,285.1885225,"50obs_40sd"
79.44790113,135.78327866,205.82162285,256.565681,294.2766121,"50obs_40sd"
103.5301345,157.1213955,198.8096215,241.62712535,310.1853424,"50obs_40sd"
110.2632154,133.69979189,195.930188,243.76261162,273.252448,"50obs_40sd"
98.19974241,161.14541668,204.2430059,252.97223007,278.9398867,"50obs_40sd"
105.5796414,153.44424663,194.7363588,243.91762731,301.9393002,"50obs_40sd"
116.7670719,159.12507261,190.5187428,260.45933729,282.453125,"50obs_40sd"
104.9733378,158.86901149,194.6198029,251.45768952,265.6390605,"50obs_40sd"
146.1279331,168.55341906,209.68714225,248.56367584,298.9451352,"50obs_40sd"
131.0456895,159.85976634,201.05920555,252.38336986,290.9949901,"50obs_40sd"
118.1361368,148.81878955,192.9688562,270.45889536,284.3070044,"50obs_40sd"
97.80715609,148.86155509,191.69142795,261.62542001,305.7915139,"50obs_40sd"
129.6019739,142.12104882,194.49898695,251.24533861,265.4907979,"50obs_40sd"
109.0504981,170.01592655,215.86350075,260.91244534,288.9566541,"50obs_40sd"
104.7937385,126.41645212,195.265804,242.81682397,279.8625917,"50obs_40sd"
113.0540834,133.77461772,209.1852792,256.6368866,280.3226042,"50obs_40sd"
53.44366536,142.73369237,192.87969455,258.18399929,275.9744538,"50obs_40sd"
126.4400844,149.24645433,195.6129187,239.51285504,273.1744774,"50obs_40sd"
103.4910793,145.23504051,194.14073145,242.56411721,299.0425339,"50obs_40sd"
130.5598573,157.91565103,195.32398865,240.12917138,272.3069554,"50obs_40sd"
